6289677249110.
6289677249132.
6289677249149.
6289677247001.
6289677247065.
6289677247076.
6289677247077.
6289677247110.
6289677247192.
6289677247202.
6289677247465.
6289677247505.
6289677247528.
6289677247577.
6289677247578.
6289677247602.
6289677247603.
6289677247607.
6289677247622.
6289677247649.
6289677247661.
6289677247680.
6289677247683.
6289677247706.
6289677247707.
6289677247717.
6289677247719.
6289677247750.
6289677247769.
6289677247773.
6289677247780.
6289677247784.
6289677247793.
6289677247872.
6289677247876.
6289677247936.
6289677247950.
6289677247964.
6289677249186.
6289677249203.
6289677249223.
6289677249244.
6289677249253.
6289677249257.
6289677249319.
6289677249339.
6289677249347.
6289677249319.
6289677249339.
6289677249347.
6289677249400.
6289677249414.
6289677249455.
6289677249485.
6289677249515.
6289677249542.
6289677249558.
6289677249572.
6289677249587.
6289677249611.
6289677249624.
6289677249687.
6289677249729.
6289677249730.
6289677249744.
6289677249761.
6289677249789.
6289677249794.
6289677249829.
6289677249832.
6289677249844.
6289677249937.
6289677249948.
6289677249983.
6289677248012.
6289677248064.
6289677248106.
6289677248111.
6289677248120.
6289677248189.
6289677248200.
6289677248204.
6289677248209.
6289677248211.
6289677248247.
6289677248263.
6289677248281.
6289677248337.
6289677248362.
6289677248409.
6289677248416.
6289677248425.
6289677248426.
6289677248434.
6289677248442.
6289677248460.
6289677248467.
6289677248475.
6289677248477.
6289677248480.
6289677248485.
6289677248501.
6289677248511.
6289677248513.
6289677248574.
6289677248591.
6289677248652.
6289677248685.
6289677248689.
6289677248691.
6289677248710.
6289677248756.
6289677248771.
6289677248784.
6289677248785.
6289677248821.
6289677248833.
6289677248862.
6289677248886.
6289677248887.
6289677248912.
6289677248952.
6289677248976.
6289677248977.
6289677246081.
6289677246094.
6289677246105.
6289677246106.
6289677246207.
6289677246213.
6289677246219.
6289677246220.
6289677246235.
6289677246237.
6289677246249.
6289677246252.
6289677246282.
6289677246313.
6289677246332.
6289677246334.
6289677246407.
6289677246414.
6289677246415.
6289677246449.
6289677246479.
6289677246499.
6289677246524.
6289677246570.
6289677246579.
6289677246585.
6289677246595.
6289677246624.
6289677246628.
6289677246654.
6289677246663.
6289677246680.
6289677246711.
6289677246712.
6289677246720.
6289677246738.
6289677246747.
6289677246775.
6289677246824.
6289677246834.
6289677246857.
6289677246885.
6289677246908.
6289677246920.
6289677246940.
6289677246953.
6289677246960.
6289677246977.
6289677246979.
6289677247000.
6289677245001.
6289677245023.
6289677245024.
6289677245063.
6289677245067.
6289677245070.
6289677245137.
6289677245138.
6289677245159.
6289677245170.
6289677245194.
6289677245211.
6289677245216.
6289677245264.
6289677245280.
6289677245332.
6289677245333.
6289677245337.
6289677245375.
6289677245414.
6289677245522.
6289677245544.
6289677245571.
6289677245597.
6289677245616.
6289677245628.
6289677245666.
6289677245711.
6289677245793.
6289677245795.
6289677245848.
6289677245854.
6289677245881.
6289677245885.
6289677245888.
6289677245890.
6289677245915.
6289677245986.
6289677246000.
6289677243002.
6289677243011.
6289677243089.
6289677243100.
6289677243111.
6289677243129.
6289677243134.
6289677243243.
6289677243251.
6289677243297.
6289677243322.
6289677243342.
6289677243348.
6289677243381.
6289677243383.
6289677243388.
6289677243413.
6289677243420.
6289677243456.
6289677243462.
6289677243473.
6289677243489.
6289677243539.
6289677243557.
6289677243559.
6289677243570.
6289677243628.
6289677243657.
6289677243674.
6289677243699.
6289677243760.
6289677243762.
6289677243777.
6289677243836.
6289677243839.
6289677243922.
6289677243934.
6289677243950.
6289677243977.
6289677244000.
6289677244004.
6289677244020.
6289677244030.
6289677244037.
6289677244040.
6289677244044.
6289677244050.
6289677244062.
6289677244064.
6289677244090.
6289677244100.
6289677244127.
6289677244177.
6289677244182.
6289677244192.
6289677244208.
6289677244231.
6289677244249.
6289677244255.
6289677244262.
6289677244312.
6289677244340.
6289677244345.
6289677244387.
6289677244388.
6289677244397.
6289677244405.
6289677244424.
6289677244435.
6289677244447.
6289677244453.
6289677244469.
6289677244474.
6289677244476.
6289677244487.
6289677244507.
6289677244565.
6289677244568.
6289677244584.
6289677244586.
6289677244595.
6289677244641.
6289677244649.
6289677244656.
6289677244657.
6289677244679.
6289677244695.
6289677244709.
6289677244743.
6289677244750.
6289677244774.
6289677244776.
6289677244782.
6289677244787.
6289677244819.
6289677244825.
6289677244828.
6289677244834.
6289677244837.
6289677244851.
6289677244855.
6289677244883.
6289677244884.
6289677244885.
6289677244895.
6289677244900.
6289677244907.
6289677244922.
6289677244967.
6289677245000.
6289677240017.
6289677240020.
6289677240030.
6289677240033.
6289677240041.
6289677240043.
6289677240059.
6289677240060.
6289677240070.
6289677240073.
6289677240077.
6289677240085.
6289677240088.
6289677240097.
6289677240102.
6289677240124.
6289677240125.
6289677240133.
6289677240138.
6289677240153.
6289677240175.
6289677240195.
6289677240220.
6289677240221.
6289677240223.
6289677240232.
6289677240244.
6289677240247.
6289677240274.
6289677240280.
6289677240302.
6289677240307.
6289677240325.
6289677240354.
6289677240380.
6289677240421.
6289677240434.
6289677240447.
6289677240500.
6289677240504.
6289677240520.
6289677240530.
6289677240561.
6289677240587.
6289677240600.
6289677240618.
6289677240679.
6289677240681.
6289677240685.
6289677240702.
6289677240704.
6289677240707.
6289677240709.
6289677240714.
6289677240715.
6289677240747.
6289677240751.
6289677240755.
6289677240756.
6289677240842.
6289677240846.
6289677240855.
6289677240866.
6289677240879.
6289677240899.
6289677240901.
6289677240908.
6289677240921.
6289677240931.
6289677240960.
6289677240974.
6289677240976.
6289677240982.
6289677240986.
6289677241004.
6289677241012.
6289677241026.
6289677241036.
6289677241042.
6289677241056.
6289677241058.
6289677241060.
6289677241071.
6289677241082.
6289677241087.
6289677241096.
6289677241121.
6289677241131.
6289677241141.
6289677241150.
6289677241166.
6289677241172.
6289677241197.
6289677241228.
6289677241234.
6289677241274.
6289677241320.
6289677241337.
6289677241341.
6289677241344.
6289677241386.
6289677241402.
6289677241404.
6289677241434.
6289677241492.
6289677241493.
6289677241501.
6289677241506.
6289677241512.
6289677241565.
6289677241578.
6289677241580.
6289677241629.
6289677241692.
6289677241713.
6289677241717.
6289677241752.
6289677241766.
6289677241770.
6289677241783.
6289677241798.
6289677241822.
6289677241831.
6289677241905.
6289677241908.
6289677241919.
6289677241937.
6289677241941.
6289677241971.
6289677241999.
6289677242000.
6289677242003.
6289677242004.
6289677242006.
6289677242023.
6289677242046.
6289677242062.
6289677242066.
6289677242070.
6289677242090.
6289677242097.
6289677242127.
6289677242145.
6289677242170.
6289677242218.
6289677242225.
6289677242246.
6289677242255.
6289677242277.
6289677242309.
6289677242320.
6289677242321.
6289677242324.
6289677242326.
6289677242347.
6289677242379.
6289677242394.
6289677242406.
6289677242417.
6289677242484.
6289677242485.
6289677242493.
6289677242501.
6289677242522.
6289677242550.
6289677242554.
6289677242586.
6289677242714.
6289677242768.
6289677242797.
6289677242808.
6289677242854.
6289677242891.
6289677242913.
6289677242924.
6289677242949.
6289677242963.